69.9
64.3
80.1
62.4
9.8
72
74.3
78.5
58.6
16.3
73.3
55
89.2
73.1
79.6
70.4
84.9
74.5
61.4
82.6
63.1
67.5
57.9
51.7
66.6
65
69.4
12.9
70.5
70.7
74.3
77.5
77.5
75.6
18.5
61.2
67.7
77.2
87.8
74.5
58.5
52.1
68.5
57.7
80.5
43.5
55.8
0
66.6
56.8
59.4
42.2
69.1
90.4
87.4
62.7
81.5
80.8
61.9
82.1
63.2
71.1
90.3
43.8
56.2
69.3
61.1
74.2
85.7
0
73.6
65.1
61.8
58
68.3
56.2
58.4
64.4
84.2
54.2
85
68.5
23.7
76.7
83.8
61.3
60.7
54.3
57.1
65.4
68.5
81.8
79.3
70
74.9
70.9
76.5
85
86
85.1
86.4
46.1
81.1
74.2
50.3
54.6
81.8
31.8
70.9
83.7
52.9
82.3
5.1
64.6
67.5
74.2
69.1
62.4
86.5
95.1
67.6
64.5
59.7
47.5
85.2
64.6
76
56.3
67.8
73.9
69.1
82
58.4
40
83.1
66.1
53.7
68.8
71.4
75.4
53.8
79.1
44.6
65.3
59.2
22.8
58.4
31
78.3
57.6
50.5
70.7
64.2
83
63.9
85.9
71.9
71.2
90.8
68.2
84.2
67.2
70.6
79.2
67.2
80.3
63
73.8
1.3
37.2
85.6
55
74.1
80.9
66.3
64.6
83.1
75.1
71.9
78.5
67.1
65.6
83.7
57.7
75.2
63.6
47
63.5
79.1
74.8
41.8
84.1
70.9
81.9
77.1
58.6
67.8
6.9
77.4
62.7
78.3
76.9
66.6
76.9
94
76.3
44.4
82.3
84.2
72.3
64.5
69.8
90.9
78.5
64.4
12.3
55.1
71.4
69.8
86.6
77.8
55.5
59.7
79.8
81.3
58.3
69.9
93.5
87.9
76.5
63.9
63.8
63.1
72.9
59.6
74.1
84.5
66.4
56.6
64.7
67.4
47.4
77.1
68.5
0
44.7
62.6
82.3
66.1
52.5
87.6
31.1
61.4
79.2
3
89.1
64.8
88
47.9
49.9
68
71.8
81.9
67.8
72.1
69.1
66.3
65.5
66.6
69.3
63.3
72.1
71.2
88.7
65.6
66.3
61
63.3
77
86.6
61.7
68.9
67.2
84.5
74.2
94.4
71.6
80.6
56
92.3
71.4
65.6
72.6
70.5
86.9
82.9
74
66.8
72.4
68.6
77.3
51
80.4
77.9
80.8
57.5
77.2
69
70.1
92.5
73.4
30.4
90.5
4.7
64.5
87.8
68.1
53.8
68.9
91.3
73.2
61.6
82.5
47.1
74.9
60
80.3
69.3
66.9
75.8
59.6
63.4
59
51.5
57.4
67.1
68.5
42.3
82.8
59.1
80.6
80.7
20.9
71
39
77.4
71.4
75.9
77
59.2
62.5
12.2
75.3
61.8
61.7
77.7
75.9
60.4
74.2
69.1
88.1
62.6
74.3
91.4
75.7
91.6
75.3
75.9
59.3
63.1
52.5
74.2
70.9
60.1
78.8
82.6
70.7
25.6
75
73.8
74.2
75.7
74.9
64.8
68.3
82.3
54.3
87.4
98
49.2
66.4
84.5
67.9
88.1
18.3
57.9
90
41
64
88.3
72.5
84.5
71.6
19.2
61.7
45.9
63.5
78.9
71.5
17.8
78.1
91.7
68
70.9
48.3
81.2
73.2
29.1
57
78.3
52.5
85.9
82.4
80.6
76
69.3
73.4
71.3
74.3
68.8
89.4
78.2
81.5
41.4
74.1
16.3
89
69.4
62.8
50.5
90.6
66
74.3
51.3
94
54.8
89.4
75.4
65.5
80
52.7
78.1
10.5
72
76.7
79.5
60.5
72.8
59.3
55.5
82.3
66.2
80.1
63.4
51.4
74
88.1
77.2
60.5
77.3
66.2
68.5
65.3
74.2
59.5
54.1
57.3
68.3
73.4
86.5
88.7
54.3
32.4
64.3
84.8
80.4
42
69.3
79.2
55.6
70.6
75.3
57.3
63.5
44.9
73.2
76
73
80.9
83.2
44.1
71.2
35.4
70.2
82.5
93.6
75.1
72.2
68.6
51.1
67.5
65.2
75.6
16.3
64.4
21.4
68.7
83.3
80.4
71.7
66.2
81.2
58.7
69.9
83.1
67.2
42.8
54.9
60.1
89.2
77.2
80.3
70.8
83.5
76.2
74.5
68.3
63.8
67.9
82.3
79.7
74.7
69
90.5
70.5
89.2
61
59.6
73.7
76.8
65.8
71.6
66.2
66.9
81.9
56
87.8
66.5
55.2
65
79.5
71.5
64
86.2
89.1
77.1
56.8
49.4