36
80.5
49.5
81.5
54.5
68
53
72
58
64.5
42.5
89.5
70
79
66
86
76
49.5
79
62.5
62.5
50.5
38
67
51.5
63.5
69.5
87.5
69
70.5
82.5
80
63.5
63
72.5
81
60
69.5
44
76.5
55
79
51
35.5
56
55
33
68
93.5
78.5
53
73.5
85
38.5
81.5
61.5
69
89.5
34.5
38.5
42
47
63
79
64
57.5
55
50
61
52.5
59.5
93.5
66.5
84.5
67
24.5
81
80
57
73
58.5
48
45
40.5
60
85
87.5
74.5
66.5
71
78.5
89.5
71.5
78
82.5
36.5
80
80.5
34
47
80.5
23
66.5
81
47.5
79.5
33
68
76
56.5
53.5
80
89
59
69
65
30.5
87.5
53
68.5
46
68
66.5
75
80.5
43.5
43.5
83.5
61
53.5
66.5
84.5
64.5
38.5
70.5
32
52
53
53.5
36
79
56
40
66
63.5
80
60.5
82.5
75
68
92.5
58.5
83.5
62
74
75.5
51.5
70
41.5
59.5
34.5
90.5
46.5
65.5
79
65.5
60
71
81
59
75.5
65
83.5
82
48
79
66
41.5
56
71.5
63
47.5
75.5
66
73.5
80
47
62
81
52.5
46.5
67.5
76
57
72
93.5
73.5
47
77
83.5
56.5
78
85.5
76
52
54
67.5
67
87.5
31.5
37.5
64.5
78
85
44
60.5
93
88.5
76.5
62
53
59
76
45.5
73.5
80.5
59
29.5
60.5
70
41
68.5
64
38.5
79
79.5
55
41
78
22
55.5
81
87.5
62.5
79.5
34
44
60
69.5
76.5
64.5
60.5
61
68
58.5
55
61.5
57
64
67
90
66.5
53.5
62
72
81.5
46.5
53.5
54
72
77
91.5
69
78
43
86.5
61.5
62.5
74
61
78
86.5
60
67
80.5
71
78.5
38
76
73.5
77.5
50
69
64.5
70
94
81.5
33.5
94
60
82.5
72
30.5
50.5
55
91.5
65.5
53
87.5
33
70
49
79.5
55
63.5
71.5
34
57.5
44
46
51
60.5
53.5
33.5
89
64.5
80.5
84
67
39
87.5
57
72
72.5
45.5
51
71.5
72
61
79.5
73
47.5
66.5
70.5
84
59.5
80.5
89.5
71
86.5
80.5
69
41
61.5
38.5
69
83.5
56.5
75.5
72
69
68.5
62
75
89.5
68
56.5
60.5
77
55
87.5
97
49
63.5
85
60.5
87.5
42.5
91.5
73
86
63.5
82
62
40
26
61
67
74.5
76.5
94
58
75
37
84.5
71.5
34
48
78.5
52
81
79.5
76.5
78.5
64
69.5
70.5
69
76
90.5
72
83.5
52
74
84
65
53
28.5
89.5
67.5
72.5
44.5
90
40
81
60
52.5
78
45
69.5
53
60.5
75.5
57
67.5
59.5
36
76
60
66
65.5
54
64
92.5
68.5
48
75
66.5
54
58
79.5
52
53
52.5
58.5
78.5
86.5
45.5
43
48.5
81.5
77
48.5
70
76
62
58
73.5
40.5
57
73
74.5
71
80
80
40.5
74.5
81.5
32
62
82.5
89.5
70.5
58.5
59.5
50.5
62
60
64
55.5
67
75.5
67.5
78
62
74.5
46
67.5
79
58.5
37
52
54.5
87
77
76
64.5
83
71.5
77.5
64
57.5
62.5
81.5
81
71.5
65
88
77
86.5
61.5
68
67.5
71.5
72.5
64.5
63.5
59
75
48.5
87.5
64.5
47
51
72
57
63
88.5
86
71.5
53.5
56