37
84
55.5
76
41.5
20.5
60.5
78
72
49
44.5
59
46
86
63
57
58.5
86.5
65
59.5
73.5
58
51.5
44.5
53
41
58
60.5
37
59.5
61
61.5
69
69.5
59
45
60.5
58.5
64.5
79
76
58
44
55.5
40.5
80.5
34.5
45.5
58.5
41
60.5
48.5
51.5
83.5
76.5
53.5
74
68
48
76
49
67.5
85
45.5
47.5
68.5
47.5
68.5
78
59.5
54
38.5
43.5
56.5
45
76.5
56
75.5
54
75.5
55.5
30.5
66
73.5
48.5
58
53.5
61
62
55
51.5
73
60
53.5
67.5
55
54.5
72.5
80.5
84
77
23
65
55.5
43.5
40
77
29.5
53
75
27
56.5
64
70
58
51
77.5
92.5
63
43
32
81.5
50
62
54.5
51.5
74
67
47.5
62
69
54
38.5
50
43.5
67
36
84
35
56.5
62.5
60.5
27.5
62
34.5
59.5
51.5
78.5
41
80
64
57.5
85.5
61.5
84.5
58.5
51
74.5
62.5
80
57.5
72
47
69.5
37
65.5
72.5
47.5
62.5
77
65.5
59.5
75
62.5
36
75
46
62.5
57
31.5
66
63
63
38.5
89
65.5
71
64.5
64
59.5
49
71.5
57.5
59
67
85.5
56
51.5
85
73
52.5
71
53
88.5
65
64
26
34.5
49.5
72.5
65
66.5
46
57.5
57.5
67.5
81.5
58.5
54
87.5
83
60
44.5
62
61.5
77
48
63.5
82
51.5
61
50.5
85
48
73.5
60.5
33
48.5
87.5
46.5
43.5
80
36.5
55
70.5
92.5
63
87
24.5
54
65
57
83.5
57
65.5
55
44.5
58.5
63.5
62.5
48
66
59.5
80
64.5
47
66.5
45
68.5
80.5
57
63.5
65
82.5
64
87.5
61.5
70.5
44
89.5
55.5
48.5
63.5
65
81
71
65.5
38.5
54
48.5
64.5
33.5
65
71
80
73
72.5
56
56
87.5
62.5
45.5
81.5
59
83
56
24
57
58.5
76.5
65
54
75.5
50
64
63
70.5
59
65.5
64
62.5
44.5
51.5
43.5
34.5
48
59.5
40.5
78.5
46
71.5
69.5
63.5
52
38.5
75.5
58
73
63
53
53
22
71
51.5
48
74.5
59
62
69
60.5
79.5
52
52.5
81
57.5
84.5
73
68
59.5
46
48.5
68.5
59
66.5
75.5
71
49.5
50
75
69
69.5
59.5
63
62
66.5
77.5
45
81.5
89.5
45
54
70.5
50
82
45.5
55.5
86.5
36
54.5
72.5
79
71.5
67
46.5
49.5
49
47.5
75
66
43
62.5
82
53.5
66
47
64.5
69
31
49
72.5
59.5
85.5
78
74.5
71
60.5
67
56
53.5
56.5
78
72.5
83.5
36
62
51
89.5
57.5
38
40
85
64
64
44
85.5
29
79.5
73.5
58.5
72.5
38.5
73
33.5
66
72
71
51.5
59
40
46
76.5
61.5
74
43.5
47.5
59.5
77
62.5
55
64
53.5
67.5
59
65.5
42
64
46
65.5
67.5
81
79
46
30
61
68
72.5
57
42
65
44
51.5
57
43.5
59
64.5
51.5
66.5
56
71.5
83
26.5
72.5
71
35.5
53
76.5
93
66
54
61
55
53
51.5
60.5
19
43.5
52
55.5
73.5
68
80.5
63
71
61.5
60.5
82
62
51.5
37
49.5
90.5
64.5
72.5
70.5
66.5
62.5
62.5
53.5
59
60
79
72
60
65
84.5
61
81.5
64
52.5
66.5
73
53.5
58.5
48.5
60.5
77
42.5
75.5
62
67
63.5
71
64.5
45.5
85.5
77.5
72.5
40.5
35.5