86
64.5
62
65
61
64
71
47.5
71.5
37.5
83
62
80
58
71
60.5
41.5
72.5
44
65
55.5
46
65
62
51
58
57
67
66.5
66.5
66
39.5
59
67.5
86
60
65
37.5
60.5
38.5
57.5
36
50
53
45.5
49
31.5
55
77.5
84.5
54.5
74.5
69
62.5
69
49.5
54
83.5
52.5
49.5
69.5
55.5
68
81
67.5
56.5
48.5
41.5
62.5
47
47.5
46
64
59
73.5
53.5
66
79.5
38.5
67.5
42
37.5
68
65
67
66.5
63.5
69
85
75
82.5
87
75.5
80.5
28.5
72.5
63
36.5
35
67
60.5
78.5
53.5
78
67
41.5
58.5
64
51.5
82
90.5
69
66
53.5
32
66
61
70.5
55
62
76
54
73
50
74.5
54.5
36
52
53.5
69
47.5
69
30.5
56.5
51.5
28
46
52
71
49
35
59.5
48
73.5
57.5
74.5
57
58.5
76
52.5
65
51.5
66
66.5
65
83.5
48
67
74
59.5
73
69.5
63
59
81.5
55
72
70
43.5
55
73
47.5
62
57
41
56.5
82
73
72.5
71
83
64.5
47
48.5
77
60.5
72
72
61.5
70
87.5
75.5
42
79.5
76.5
74
59.5
51.5
85
75
50.5
46
72
41.5
89.5
72
43
50.5
68.5
71.5
55
64.5
87.5
75.5
69.5
56.5
57.5
41
65.5
51
72.5
74
58
65.5
58.5
55
47.5
68
51
34
55.5
60
67.5
40
90
47
61
71.5
58
76
50
55
50.5
60.5
67.5
66
60
60
51
59
52.5
58
55.5
56.5
70
86
60
56
23.5
52.5
63
79.5
50
58
52
80.5
66
89
68
76
48
85
63
56
65
66
83
77.5
69
65
69
58.5
76.5
46.5
79.5
68.5
58.5
43.5
62.5
59
61
83.5
72
26
82.5
53
79
60
55
65.5
90.5
63.5
51
66.5
37.5
68
56
67.5
66
54
68.5
43.5
55
45
35.5
43
56
67
67.5
48.5
67
71
64
45
66
67
67
70
49
46
69.5
44
58.5
55
70
47.5
69.5
65
84.5
46.5
64.5
89
68
88.5
63
70.5
43.5
58
47.5
67
46
52.5
66
89.5
60
54
62
67.5
70
76.5
53
64
70.5
42
77.5
96.5
38.5
59
81
64
80
52
76
40
58.5
88.5
47
79.5
63
63
52.5
51.5
67.5
69
71
82.5
58
72
31.5
69
64
37
69.5
41
72.5
65.5
64
62
51
72.5
57.5
76
47
79.5
66.5
61.5
31
66
78.5
61.5
62
58.5
83
57
63
53
92
50.5
87
67.5
51.5
71.5
40.5
72.5
66
70.5
72
38.5
72
54.5
60
71.5
57
79
55
39
67
79
74.5
40
74.5
46.5
54
59
72.5
55.5
49
48.5
65
69.5
79.5
81
40.5
31
53
85
70.5
66
74.5
49
72.5
70
57.5
49
66.5
65.5
66
75.5
69
28
52
66
73
84
66
79
58.5
52.5
60.5
50.5
61.5
64
54.5
79
80.5
61.5
43
74.5
54
56
70
53
49
44.5
74.5
76
66.5
63
80.5
68.5
65
63.5
43
54.5
65
69.5
72
57.5
88.5
62
83
60
43
58
65.5
59.5
66
50.5
51.5
71.5
39
82
61
43
49.5
66.5
67
50.5
83.5
87.5
65.5
48.5
51.5